11/16/2018 10:16:07 4 0 1 0 1 0 0 620 285 3007 139 234 0 0 0 0 538 666 0 0 0 0 0 1 0 1 0 1 1 33 40 0 0

11/16/2018 10:17:05 0 0 1 0 1 0 0 620 471 1625 139 234 0 0 0 0 538 666 0 0 0 0 0 1 0 1 0 1 1 33 40 0 0

11/16/2018 10:18:04 0 0 1 0 1 0 0 620 127 485 139 234 0 0 0 0 538 666 0 0 0 0 0 1 0 1 0 1 1 33 40 0 0

11/16/2018 10:19:04 0 0 1 0 1 0 0 620 128 465 139 234 0 0 0 0 538 666 0 0 0 0 0 1 0 1 0 1 1 33 40 0 0

11/16/2018 10:20:04 0 0 1 0 1 0 0 620 139 497 139 234 0 0 0 0 538 666 0 0 0 0 0 1 0 1 0 1 1 33 40 0 0

11/16/2018 10:21:05 0 0 1 0 1 0 0 620 139 575 139 234 0 0 0 0 538 666 0 0 0 0 0 1 0 1 0 1 1 33 40 0 0

11/16/2018 10:22:04 0 0 1 0 1 0 0 620 211 752 139 234 0 0 0 0 538 666 0 0 0 0 0 1 0 1 0 1 1 33 40 0 0

11/16/2018 10:23:07 0 0 1 0 1 0 0 620 454 1221 139 234 0 0 0 0 538 666 0 0 0 0 0 1 0 1 0 1 1 33 40 0 0

11/16/2018 10:24:04 0 0 1 0 1 0 0 620 124 511 139 234 0 0 0 0 538 666 0 0 0 0 0 1 0 1 0 1 1 33 40 0 0

11/16/2018 10:25:04 0 0 1 0 1 0 0 620 139 529 139 234 0 0 0 0 538 666 0 0 0 0 0 1 0 1 0 1 1 33 40 0 0

11/16/2018 10:26:04 0 0 1 0 1 0 0 620 121 481 139 234 0 0 0 0 538 666 0 0 0 0 0 1 0 1 0 1 1 33 40 0 0

11/16/2018 10:27:04 0 0 1 0 1 0 0 620 141 521 139 234 0 0 0 0 538 666 0 0 0 0 0 1 0 1 0 1 1 33 40 0 0

11/16/2018 10:28:04 0 0 1 0 1 0 0 620 109 428 139 234 0 0 0 0 538 666 0 0 0 0 0 1 0 1 0 1 1 33 40 0 0

11/16/2018 10:29:04 0 0 1 0 1 0 0 620 117 472 139 234 0 0 0 0 538 666 0 0 0 0 0 1 0 1 0 1 1 33 40 0 0

11/16/2018 10:30:05 0 0 1 0 1 0 0 620 193 645 139 234 0 0 0 0 538 666 0 0 0 0 0 1 0 1 0 1 1 33 40 0 0

11/16/2018 10:31:04 0 0 1 0 1 0 0 620 107 428 139 234 0 0 0 0 538 666 0 0 0 0 0 1 0 1 0 1 1 33 40 0 0

11/16/2018 10:32:04 0 0 1 0 1 0 0 620 114 474 139 234 0 0 0 0 538 666 0 0 0 0 0 1 0 1 0 1 1 33 40 0 0

11/16/2018 10:33:04 0 0 1 0 1 0 0 620 118 429 139 234 0 0 0 0 538 666 0 0 0 0 0 1 0 1 0 1 1 33 40 0 0

11/16/2018 10:34:04 0 0 1 0 1 0 0 620 205 741 139 234 0 0 0 0 538 666 0 0 0 0 0 1 0 1 0 1 1 33 40 0 0

11/16/2018 10:35:05 0 0 1 0 1 0 0 620 598 1468 139 234 0 0 0 0 538 666 0 0 0 0 0 1 0 1 0 1 1 33 40 0 0

11/16/2018 10:36:04 0 0 1 0 1 0 0 620 116 455 139 234 0 0 0 0 538 666 0 0 0 0 0 1 0 1 0 1 1 33 40 0 0

11/16/2018 10:37:04 0 0 1 0 1 0 0 620 162 560 139 234 0 0 0 0 538 666 0 0 0 0 0 1 0 1 0 1 1 33 40 0 0

11/16/2018 10:38:04 0 0 1 0 1 0 0 620 113 468 139 234 0 0 0 0 538 666 0 0 0 0 0 1 0 1 0 1 1 33 40 0 0

11/16/2018 10:39:06 0 0 1 0 1 0 0 620 162 1943 139 234 0 0 0 0 538 666 0 0 0 0 0 1 0 1 0 1 1 33 40 0 0

11/16/2018 10:40:06 0 0 1 0 1 0 0 620 142 675 139 234 0 0 0 0 538 666 0 0 0 0 0 1 0 1 0 1 1 33 40 0 0

11/16/2018 10:41:04 0 0 1 0 1 0 0 620 109 409 139 234 0 0 0 0 538 666 0 0 0 0 0 1 0 1 0 1 1 33 40 0 0

11/16/2018 10:42:04 0 0 1 0 1 0 0 620 178 519 139 234 0 0 0 0 538 666 0 0 0 0 0 1 0 1 0 1 1 33 40 0 0

11/16/2018 10:43:04 0 0 1 0 1 0 0 620 100 480 139 234 0 0 0 0 538 666 0 0 0 0 0 1 0 1 0 1 1 33 40 0 0

11/16/2018 10:44:04 0 0 1 0 1 0 0 620 112 422 139 234 0 0 0 0 538 666 0 0 0 0 0 1 0 1 0 1 1 33 40 0 0

11/16/2018 10:45:05 0 0 1 0 1 0 0 620 108 411 139 234 0 0 0 0 538 666 0 0 0 0 0 1 0 1 0 1 1 33 40 0 0

11/16/2018 10:46:04 0 0 1 0 1 0 0 620 112 453 139 234 0 0 0 0 538 666 0 0 0 0 0 1 0 1 0 1 1 33 40 0 0

11/16/2018 10:47:04 0 0 1 0 1 0 0 620 127 463 139 234 0 0 0 0 538 666 0 0 0 0 0 1 0 1 0 1 1 33 40 0 0

11/16/2018 10:48:04 0 0 1 0 1 0 0 620 110 463 139 234 0 0 0 0 538 666 0 0 0 0 0 1 0 1 0 1 1 33 40 0 0

11/16/2018 10:49:04 0 0 1 0 1 0 0 620 110 447 139 234 0 0 0 0 538 666 0 0 0 0 0 1 0 1 0 1 1 33 40 0 0

11/16/2018 10:50:04 0 0 1 0 1 0 0 620 106 430 139 234 0 0 0 0 538 666 0 0 0 0 0 1 0 1 0 1 1 33 40 0 0

11/16/2018 10:51:04 0 0 1 0 1 0 0 620 121 438 139 234 0 0 0 0 538 666 0 0 0 0 0 1 0 1 0 1 1 33 40 0 0

11/16/2018 10:52:04 0 0 1 0 1 0 0 620 115 485 139 234 0 0 0 0 538 666 0 0 0 0 0 1 0 1 0 1 1 33 40 0 0

11/16/2018 10:53:04 0 0 1 0 1 0 0 620 133 617 139 234 0 0 0 0 538 666 0 0 0 0 0 1 0 1 0 1 1 33 40 0 0

11/16/2018 10:54:04 0 0 1 0 1 0 0 620 120 417 139 234 0 0 0 0 538 666 0 0 0 0 0 1 0 1 0 1 1 33 40 0 0

11/16/2018 10:55:04 0 0 1 0 1 0 0 620 108 407 139 234 0 0 0 0 538 666 0 0 0 0 0 1 0 1 0 1 1 33 40 0 0

11/16/2018 10:56:04 0 0 1 0 1 0 0 620 111 408 139 234 0 0 0 0 538 666 0 0 0 0 0 1 0 1 0 1 1 33 40 0 0

11/16/2018 10:57:04 0 0 1 0 1 0 0 620 106 405 139 234 0 0 0 0 538 666 0 0 0 0 0 1 0 1 0 1 1 33 40 0 0

11/16/2018 10:58:03 0 0 1 0 1 0 0 620 108 398 139 234 0 0 0 0 538 666 0 0 0 0 0 1 0 1 0 1 1 33 40 0 0

11/16/2018 10:59:03 0 0 1 0 1 0 0 620 95 393 139 234 0 0 0 0 538 666 0 0 0 0 0 1 0 1 0 1 1 33 40 0 0

11/16/2018 11:00:03 0 0 1 0 1 0 0 620 107 406 139 234 0 0 0 0 538 666 0 0 0 0 0 1 0 1 0 1 1 33 40 0 0

11/16/2018 11:01:03 0 0 1 0 1 0 0 620 99 397 139 234 0 0 0 0 538 666 0 0 0 0 0 1 0 1 0 1 1 33 40 0 0

11/16/2018 11:02:04 0 0 1 0 1 0 0 620 110 402 139 234 0 0 0 0 538 666 0 0 0 0 0 1 0 1 0 1 1 33 40 0 0

11/16/2018 11:03:03 0 0 1 0 1 0 0 620 93 379 139 234 0 0 0 0 538 666 0 0 0 0 0 1 0 1 0 1 1 33 40 0 0

11/16/2018 11:04:03 0 0 1 0 1 0 0 620 105 402 139 234 0 0 0 0 538 666 0 0 0 0 0 1 0 1 0 1 1 33 40 0 0

11/16/2018 11:05:03 0 0 1 0 1 0 0 620 110 410 139 234 0 0 0 0 538 666 0 0 0 0 0 1 0 1 0 1 1 33 40 0 0

11/16/2018 11:06:03 0 0 1 0 1 0 0 620 88 395 139 234 0 0 0 0 538 666 0 0 0 0 0 1 0 1 0 1 1 33 40 0 0

11/16/2018 11:07:03 0 0 1 0 1 0 0 620 115 407 139 234 0 0 0 0 538 666 0 0 0 0 0 1 0 1 0 1 1 33 40 0 0

11/16/2018 11:08:03 0 0 1 0 1 0 0 620 104 401 139 234 0 0 0 0 538 666 0 0 0 0 0 1 0 1 0 1 1 33 40 0 0

11/16/2018 11:09:04 0 0 1 0 1 0 0 620 105 405 139 234 0 0 0 0 538 666 0 0 0 0 0 1 0 1 0 1 1 33 40 0 0

11/16/2018 11:10:04 0 0 1 0 1 0 0 620 108 396 139 234 0 0 0 0 538 666 0 0 0 0 0 1 0 1 0 1 1 33 40 0 0

11/16/2018 11:11:04 0 0 1 0 1 0 0 620 99 383 139 234 0 0 0 0 538 666 0 0 0 0 0 1 0 1 0 1 1 33 40 0 0

11/16/2018 11:12:04 0 0 1 0 1 0 0 620 105 395 139 234 0 0 0 0 538 666 0 0 0 0 0 1 0 1 0 1 1 33 40 0 0

11/16/2018 11:13:04 0 0 1 0 1 0 0 620 111 414 139 234 0 0 0 0 538 666 0 0 0 0 0 1 0 1 0 1 1 33 40 0 0

11/16/2018 11:14:04 0 0 1 0 1 0 0 620 117 411 139 234 0 0 0 0 538 666 0 0 0 0 0 1 0 1 0 1 1 33 40 0 0

11/16/2018 11:15:04 0 0 1 0 1 0 0 620 114 465 139 234 0 0 0 0 538 666 0 0 0 0 0 1 0 1 0 1 1 33 40 0 0

11/16/2018 11:16:04 0 0 1 0 1 0 0 620 105 439 139 234 0 0 0 0 538 666 0 0 0 0 0 1 0 1 0 1 1 33 40 0 0

11/16/2018 11:17:05 0 0 1 0 1 0 0 620 131 472 139 234 0 0 0 0 538 666 0 0 0 0 0 1 0 1 0 1 1 33 40 0 0

11/16/2018 11:18:04 0 0 1 0 1 0 0 620 102 420 139 234 0 0 0 0 538 666 0 0 0 0 0 1 0 1 0 1 1 33 40 0 0

11/16/2018 11:19:04 0 0 1 0 1 0 0 620 202 577 139 234 0 0 0 0 538 666 0 0 0 0 0 1 0 1 0 1 1 33 40 0 0

11/16/2018 11:20:04 0 0 1 0 1 0 0 620 100 492 139 234 0 0 0 0 538 666 0 0 0 0 0 1 0 1 0 1 1 33 40 0 0

11/16/2018 11:21:05 0 0 1 0 1 0 0 620 180 774 139 234 0 0 0 0 538 666 0 0 0 0 0 1 0 1 0 1 1 33 40 0 0

11/16/2018 11:22:07 0 0 1 0 1 0 0 620 170 748 139 234 0 0 0 0 538 666 0 0 0 0 0 1 0 1 0 1 1 33 40 0 0

11/16/2018 11:23:04 0 0 1 0 1 0 0 620 169 670 139 234 0 0 0 0 538 666 0 0 0 0 0 1 0 1 0 1 1 33 40 0 0

11/16/2018 11:24:04 0 0 1 0 1 0 0 620 107 410 139 234 0 0 0 0 538 666 0 0 0 0 0 1 0 1 0 1 1 33 40 0 0

11/16/2018 11:25:04 0 0 1 0 1 0 0 620 129 459 139 234 0 0 0 0 538 666 0 0 0 0 0 1 0 1 0 1 1 33 40 0 0

11/16/2018 11:26:04 0 0 1 0 1 0 0 620 114 406 139 234 0 0 0 0 538 666 0 0 0 0 0 1 0 1 0 1 1 33 40 0 0

11/16/2018 11:27:04 0 0 1 0 1 0 0 620 117 418 139 234 0 0 0 0 538 666 0 0 0 0 0 1 0 1 0 1 1 33 40 0 0

11/16/2018 11:28:04 0 0 1 0 1 0 0 620 96 388 139 234 0 0 0 0 538 666 0 0 0 0 0 1 0 1 0 1 1 33 40 0 0

11/16/2018 11:29:04 0 0 1 0 1 0 0 620 128 446 139 234 0 0 0 0 538 666 0 0 0 0 0 1 0 1 0 1 1 33 40 0 0

11/16/2018 11:30:04 0 0 1 0 1 0 0 620 111 473 139 234 0 0 0 0 538 666 0 0 0 0 0 1 0 1 0 1 1 33 40 0 0

11/16/2018 11:31:04 0 0 1 0 1 0 0 620 124 446 139 234 0 0 0 0 538 666 0 0 0 0 0 1 0 1 0 1 1 33 40 0 0

11/16/2018 11:32:04 0 0 1 0 1 0 0 620 107 418 139 234 0 0 0 0 538 666 0 0 0 0 0 1 0 1 0 1 1 33 40 0 0

11/16/2018 11:33:04 0 0 1 0 1 0 0 620 123 606 139 234 0 0 0 0 538 666 0 0 0 0 0 1 0 1 0 1 1 33 40 0 0

11/16/2018 11:34:04 0 0 1 0 1 0 0 620 113 427 139 234 0 0 0 0 538 666 0 0 0 0 0 1 0 1 0 1 1 33 40 0 0

11/16/2018 11:35:04 0 0 1 0 1 0 0 620 175 560 139 234 0 0 0 0 538 666 0 0 0 0 0 1 0 1 0 1 1 33 40 0 0

11/16/2018 11:36:04 0 0 1 0 1 0 0 620 127 467 139 234 0 0 0 0 538 666 0 0 0 0 0 1 0 1 0 1 1 33 40 0 0

11/16/2018 11:37:05 0 0 1 0 1 0 0 620 115 464 139 234 0 0 0 0 538 666 0 0 0 0 0 1 0 1 0 1 1 33 40 0 0

